-512 -320 52863.578125 0
-512 -288 9409.070313 0
-512 -224 45879.820313 0
-512 -176 38899.199219 0
-512 -112 17112.255859 0
-512 0 53517.031250 0
-512 16 90173.132813 0
-512 368 5786.813477 0
-512 384 94580.789063 0
-512 496 21139.777344 0
-496 -448 11146.371094 0
-496 -400 62687.339844 0
-496 -176 72033.578125 0
-496 0 15773.936523 0
-496 128 51873.976563 0
-496 144 41751.765625 0
-496 400 56570.660156 0
-496 448 87188.617188 0
-496 464 46951.101563 0
-480 -480 20175.308594 0
-480 -368 58942.562500 0
-480 -256 86692.250000 0
-480 -192 96874.148438 0
-480 -144 75464.195313 0
-480 -112 61788.843750 0
-480 -96 26015.529297 0
-480 -48 82994.593750 0
-480 0 56947.648438 0
-480 48 77433.976563 0
-480 64 55942.339844 0
-480 288 95199.679688 0
-480 368 102736.359375 0
-480 384 64355.527344 0
-480 400 45059.863281 0
-480 432 92092.648438 0
-464 -496 62190.968750 0
-464 -480 48006.675781 0
-464 -464 65338.843750 0
-464 -368 18968.935547 0
-464 -336 93170.210938 0
-464 -304 62250.660156 0
-464 -288 60180.347656 0
-464 -144 59297.562500 0
-464 -48 100524.679688 0
-464 16 11174.645508 0
-464 48 76620.304688 0
-464 176 42100.484375 0
-464 192 47924.996094 0
-464 240 75969.992188 0
-464 256 85099.460938 0
-464 400 62756.453125 0
-464 448 67308.625000 0
-448 -368 52423.757813 0
-448 -272 72869.242188 0
-448 -256 64138.753906 0
-448 -240 50595.351563 0
-448 -224 51151.410156 0
-448 -112 38525.351563 0
-448 -64 62998.359375 0
-448 96 1511.106079 0
-448 128 63529.285156 0
-448 272 83060.570313 0
-448 384 26116.060547 0
-448 464 31117.474609 0
-448 496 32050.527344 0
-432 -336 88897.648438 0
-432 -224 43935.171875 0
-432 -192 91775.343750 0
-432 -144 95903.398438 0
-432 -32 97398.796875 0
-432 16 71392.695313 0
-432 48 446.106171 0
-432 80 41041.765625 0
-432 112 26263.714844 0
-432 256 14661.812500 0
-432 272 39426.988281 0
-432 304 8466.591797 0
-432 384 71182.203125 0
-432 464 74930.125000 0
-432 480 3198.141357 0
-416 -464 97577.867188 0
-416 -272 53677.253906 0
-416 -240 92918.882813 0
-416 -64 11740.131836 0
-416 -32 102180.304688 0
-416 176 46885.128906 0
-416 192 68370.484375 0
-400 -480 62206.675781 0
-400 -416 86029.375000 0
-400 -256 64578.578125 0
-400 -96 40909.820313 0
-400 -32 36395.351563 0
-400 96 93792.250000 0
-400 144 93412.117188 0
-400 272 2861.990967 0
-384 -448 74926.984375 0
-384 -432 69991.539063 0
-384 -400 40005.039063 0
-384 -336 31968.847656 0
-384 -272 942.477783 0
-384 -64 39813.402344 0
-384 96 41371.632813 0
-384 144 90116.585938 0
-384 160 61251.632813 0
-384 176 81649.992188 0
-384 336 23891.812500 0
-384 368 89544.812500 0
-384 432 18840.130859 0
-368 -368 25801.900391 0
-368 -352 81128.492188 0
-368 -320 49508.359375 0
-368 -256 31651.546875 0
-368 -240 48688.402344 0
-368 -208 74917.562500 0
-368 -64 57302.648438 0
-368 16 21061.236328 0
-368 160 35333.492188 0
-368 176 42876.457031 0
-368 368 88872.515625 0
-352 -448 89755.304688 0
-352 -240 9245.707031 0
-352 -160 4988.849121 0
-352 -48 44440.968750 0
-352 -32 24972.519531 0
-352 80 56658.625000 0
-352 112 22110.529297 0
-352 400 58383.359375 0
-336 -512 68951.671875 0
-336 -336 52040.480469 0
-336 -256 25936.988281 0
-336 -192 4256.857910 0
-336 -64 61857.960938 0
-336 0 32524.908203 0
-336 288 66972.468750 0
-336 480 78376.453125 0
-336 496 42892.164063 0
-320 -304 83264.773438 0
-320 -288 102682.953125 0
-320 -256 17558.361328 0
-320 -96 4759.512695 0
-320 144 88222.203125 0
-320 176 65062.382813 0
-320 192 77829.812500 0
-320 208 93666.585938 0
-320 304 72485.968750 0
-320 320 75325.968750 0
-320 368 82036.406250 0
-320 416 5412.964355 0
-320 464 77842.382813 0
-304 -512 69033.359375 0
-304 -432 101058.750000 0
-304 -352 10395.530273 0
-304 -336 14721.502930 0
-304 -320 31780.351563 0
-304 -112 86962.429688 0
-304 -64 18915.529297 0
-304 256 3179.291748 0
-304 336 74003.359375 0
-304 352 66893.929688 0
-304 368 91583.710938 0
-304 448 43077.519531 0
-288 -464 3304.955566 0
-288 -336 89491.406250 0
-288 -320 23442.564453 0
-288 -240 40956.945313 0
-288 -144 87430.523438 0
-288 -128 45867.253906 0
-288 -96 57654.507813 0
-288 -64 1696.460083 0
-288 32 98702.554688 0
-288 48 81141.054688 0
-288 288 70249.156250 0
-288 320 72715.304688 0
-288 368 61477.828125 0
-272 -192 23989.201172 0
-272 -144 62671.632813 0
-272 32 22258.183594 0
-272 96 31026.369141 0
-272 128 23788.138672 0
-272 256 26449.068359 0
-272 304 50944.066406 0
-272 400 50497.960938 0
-272 448 30074.466797 0
-272 464 41346.500000 0
-256 -352 79768.179688 0
-256 -336 18108.140625 0
-256 -144 80440.476563 0
-256 -128 86689.109375 0
-256 -64 3179.291748 0
-256 160 13568.539063 0
-256 272 68445.882813 0
-256 368 82378.843750 0
-256 416 84659.640625 0
-256 448 69171.585938 0
-240 -512 74945.835938 0
-240 -496 28038.714844 0
-240 -464 61817.117188 0
-240 -352 101146.718750 0
-240 -336 52866.722656 0
-240 -272 55329.730469 0
-240 -176 94995.476563 0
-240 -16 4567.875488 0
-240 16 86283.843750 0
-240 64 58540.437500 0
-240 240 52119.023438 0
-240 320 63362.781250 0
-240 384 34739.730469 0
-240 416 5246.459961 0
-224 -512 66871.937500 0
-224 -320 29081.722656 0
-224 -272 89403.445313 0
-224 -176 61056.851563 0
-224 -128 4354.247559 0
-224 -32 39059.421875 0
-224 48 37187.031250 0
-224 64 100474.414063 0
-224 144 20759.644531 0
-224 256 73020.039063 0
-224 320 50579.640625 0
-224 432 85451.320313 0
-224 464 80729.507813 0
-224 496 70930.882813 0
-208 -464 2824.291748 0
-208 -432 17398.140625 0
-208 -416 19455.882813 0
-208 -320 8749.335938 0
-208 -256 42072.207031 0
-208 -128 5089.379883 0
-208 -112 43435.660156 0
-208 -80 20677.962891 0
-208 -16 499.513245 0
-208 48 84848.132813 0
-208 160 37931.589844 0
-208 256 97901.453125 0
-208 272 43090.085938 0
-208 384 48569.023438 0
-208 432 63259.109375 0
-208 448 28896.369141 0
-208 480 102365.656250 0
-192 -448 79322.070313 0
-192 -368 22921.060547 0
-192 -208 9409.070313 0
-192 -144 37020.527344 0
-192 -112 42750.792969 0
-192 0 18764.732422 0
-192 64 6735.574707 0
-192 176 48597.296875 0
-192 224 28560.218750 0
-192 352 98099.375000 0
-192 400 26370.529297 0
-192 416 50570.218750 0
-176 -384 77754.421875 0
-176 -304 84844.992188 0
-176 -272 51418.445313 0
-176 -240 99934.062500 0
-176 -192 21064.378906 0
-176 -32 95573.531250 0
-176 0 10854.202148 0
-176 160 39128.535156 0
-176 176 69448.046875 0
-176 224 82564.195313 0
-176 384 37931.589844 0
-176 464 25613.404297 0
-160 -512 62599.375000 0
-160 -432 65517.914063 0
-160 -272 13468.007813 0
-160 -256 56894.242188 0
-160 -176 6635.043457 0
-160 -144 25908.714844 0
-160 -128 52373.492188 0
-160 -64 29279.642578 0
-160 0 54054.242188 0
-160 96 52455.171875 0
-160 128 48785.792969 0
-160 144 94590.210938 0
-160 160 37601.722656 0
-160 240 28802.121094 0
-160 288 88335.304688 0
-160 304 47749.066406 0
-160 320 45509.109375 0
-160 336 39018.582031 0
-160 416 999.026489 0
-160 432 4181.459961 0
-160 464 42235.570313 0
-160 480 45575.085938 0
-144 -416 62470.570313 0
-144 -208 23106.414063 0
-144 -192 99421.984375 0
-144 -176 41132.871094 0
-144 -160 34516.679688 0
-144 -128 25814.466797 0
-144 -96 92510.476563 0
-144 -32 59988.710938 0
-144 32 15305.839844 0
-144 96 85074.328125 0
-144 112 46709.199219 0
-144 368 76544.906250 0
-144 432 28198.935547 0
-128 -384 68995.656250 0
-128 -368 5767.964355 0
-128 -352 98023.976563 0
-128 -320 16776.105469 0
-128 -272 24315.927734 0
-128 -208 27897.341797 0
-128 -80 39210.218750 0
-128 -32 50972.339844 0
-128 240 10477.211914 0
-128 288 16659.865234 0
-128 336 91436.054688 0
-128 352 58625.261719 0
-128 368 11473.096680 0
-128 432 22123.095703 0
-128 464 35876.988281 0
-112 -368 67503.398438 0
-112 -272 102378.218750 0
-112 -176 74107.031250 0
-112 -64 85438.750000 0
-112 -32 40636.500000 0
-112 0 46464.156250 0
-112 176 11136.946289 0
-112 192 44667.164063 0
-112 336 23888.669922 0
-112 384 74430.609375 0
-96 -480 52593.402344 0
-96 -384 27451.236328 0
-96 -352 5051.681152 0
-96 -240 98454.375000 0
-96 -128 7319.910645 0
-96 -80 91514.593750 0
-96 -48 92504.195313 0
-96 16 85884.859375 0
-96 64 101187.554688 0
-96 192 12110.839844 0
-96 272 22226.767578 0
-96 288 44356.148438 0
-96 336 40146.414063 0
-96 368 64927.296875 0
-80 -512 64578.578125 0
-80 -496 50453.976563 0
-80 -464 10781.946289 0
-80 -432 46731.191406 0
-80 -400 88197.070313 0
-80 -368 64327.250000 0
-80 -304 72174.953125 0
-80 -272 38292.871094 0
-80 -256 98928.750000 0
-80 -224 9591.282227 0
-80 -192 81376.671875 0
-80 -128 19286.236328 0
-80 -96 66234.195313 0
-80 -32 49718.843750 0
-80 32 76651.718750 0
-80 64 3213.849365 0
-80 208 26219.732422 0
-80 224 77399.421875 0
-80 288 41349.640625 0
-80 368 82498.226563 0
-80 384 83896.234375 0
-80 448 70893.179688 0
-80 496 24538.980469 0
-64 -448 33118.667969 0
-64 -368 78612.070313 0
-64 -96 25270.970703 0
-64 -80 84204.109375 0
-64 -64 59423.226563 0
-64 0 92309.414063 0
-64 128 7090.574707 0
-64 160 32955.308594 0
-64 272 95309.640625 0
-64 400 59658.843750 0
-64 464 19273.671875 0
-48 -496 74452.601563 0
-48 -480 63391.054688 0
-48 -368 100257.648438 0
-48 -304 63061.187500 0
-48 96 32980.441406 0
-48 208 4910.309082 0
-48 304 17753.140625 0
-48 320 48622.429688 0
-48 432 101093.312500 0
-48 480 5221.327148 0
-32 -416 90754.328125 0
-32 -368 43033.535156 0
-32 -304 21777.519531 0
-32 -272 6292.609863 0
-32 -208 72734.156250 0
-32 -128 79884.421875 0
-32 -112 58088.046875 0
-32 48 71094.242188 0
-32 80 90421.320313 0
-32 128 61769.996094 0
-32 160 97863.750000 0
-32 192 52518.003906 0
-32 256 74333.226563 0
-32 304 102576.140625 0
-32 384 85712.070313 0
-32 464 84153.843750 0
-32 496 87961.453125 0
-16 -320 11812.388672 0
-16 -304 40636.500000 0
-16 -288 96176.718750 0
-16 -256 89836.984375 0
-16 64 95969.375000 0
-16 96 50871.808594 0
-16 160 88627.468750 0
-16 176 77496.804688 0
-16 208 3107.035156 0
-16 336 79950.390625 0
-16 368 63218.269531 0
-16 464 75294.554688 0
-16 496 52477.164063 0
0 -448 96735.921875 0
0 -336 17049.423828 0
0 -288 51754.597656 0
0 -272 1589.645874 0
0 -240 30969.820313 0
0 -208 35961.812500 0
0 -112 7863.406250 0
0 -16 89978.351563 0
0 48 63092.605469 0
0 64 73481.851563 0
0 96 14938.273438 0
0 112 88366.718750 0
0 240 45326.898438 0
0 272 20351.236328 0
0 288 78304.195313 0
16 -432 63950.261719 0
16 -400 34353.316406 0
16 -368 5733.406738 0
16 -288 31117.474609 0
16 -240 61383.578125 0
16 -80 54032.253906 0
16 32 35305.218750 0
16 48 11127.521484 0
16 176 63362.781250 0
16 352 87022.117188 0
16 432 2148.849365 0
16 496 66865.656250 0
32 -352 79369.195313 0
32 -144 76155.343750 0
32 -80 50969.199219 0
32 -16 47243.269531 0
32 48 37413.226563 0
32 96 92362.820313 0
32 128 72586.500000 0
32 224 2211.681152 0
32 240 30894.421875 0
32 256 1950.929077 0
32 272 87128.929688 0
32 288 64534.597656 0
32 304 69385.218750 0
32 368 67154.687500 0
32 448 81895.039063 0
48 -464 47073.625000 0
48 -352 22741.988281 0
48 -272 23376.591797 0
48 -256 42857.605469 0
48 -80 46508.136719 0
48 -64 31862.033203 0
48 48 354.999969 0
48 80 18642.210938 0
48 288 34403.582031 0
48 320 78407.867188 0
48 352 53447.914063 0
48 416 26615.572266 0
64 -368 7700.043457 0
64 -336 70905.750000 0
64 -272 29860.837891 0
64 -240 44805.394531 0
64 -48 21256.015625 0
64 -32 93481.234375 0
64 64 25635.396484 0
64 112 3955.265137 0
64 128 99547.648438 0
64 224 79959.812500 0
64 384 76384.687500 0
80 -448 89943.796875 0
80 -288 28161.236328 0
80 -240 96333.796875 0
80 -80 1134.114990 0
80 -64 25987.253906 0
80 48 63799.464844 0
80 176 79538.843750 0
80 208 55263.757813 0
80 272 98837.648438 0
80 304 54566.324219 0
80 320 26389.378906 0
80 400 4527.035156 0
96 -512 36137.742188 0
96 -464 79692.781250 0
96 -448 89227.515625 0
96 -400 48905.171875 0
96 -352 41377.917969 0
96 -224 85800.039063 0
96 -144 71439.820313 0
96 -80 42025.085938 0
96 -64 52106.457031 0
96 -32 61672.605469 0
96 0 83597.781250 0
96 160 52945.261719 0
96 208 96779.906250 0
96 288 37868.757813 0
96 432 51415.304688 0
96 464 7131.415527 0
112 -480 69623.976563 0
112 -416 24777.742188 0
112 -368 55103.535156 0
112 -352 22826.812500 0
112 -208 56055.437500 0
112 -192 51729.464844 0
112 -144 40642.785156 0
112 -96 30005.351563 0
112 -80 68540.125000 0
112 -64 66890.789063 0
112 0 68203.976563 0
112 16 17680.882813 0
112 48 99726.718750 0
112 80 89752.164063 0
112 112 19766.900391 0
112 192 27347.564453 0
112 256 61776.277344 0
112 288 55800.968750 0
112 304 84653.359375 0
128 -320 11111.813477 0
128 -192 38493.933594 0
128 -176 66981.898438 0
128 -160 83340.171875 0
128 32 90584.679688 0
128 96 32396.103516 0
128 160 76855.921875 0
128 256 22936.767578 0
128 272 75709.242188 0
128 496 61873.667969 0
144 -432 90647.515625 0
144 -272 5412.964355 0
144 -176 79158.710938 0
144 -112 24080.308594 0
144 -96 10059.379883 0
144 80 92607.867188 0
144 144 84508.843750 0
144 176 52254.109375 0
144 192 1093.274292 0
144 208 56649.199219 0
144 272 75087.203125 0
144 432 91643.398438 0
160 -480 1665.044067 0
160 -384 45374.023438 0
160 -368 94960.921875 0
160 -336 16411.679688 0
160 -320 95614.375000 0
160 -288 11253.184570 0
160 -208 52115.878906 0
160 16 66023.710938 0
160 128 4162.610352 0
160 224 26197.740234 0
160 240 100826.273438 0
160 320 73686.054688 0
160 384 12167.388672 0
160 448 39181.945313 0
176 -432 79805.875000 0
176 -416 25110.750000 0
176 -384 14576.990234 0
176 -240 79460.304688 0
176 -160 33423.402344 0
176 -48 83076.273438 0
176 144 51537.828125 0
176 160 69290.968750 0
176 240 57070.171875 0
176 288 10012.255859 0
176 352 101925.835938 0
176 368 3773.052734 0
176 480 35380.617188 0
192 -448 57095.304688 0
192 -432 32857.917969 0
192 -384 39279.332031 0
192 -256 81420.656250 0
192 -240 100273.351563 0
192 -224 85614.679688 0
192 -208 98234.460938 0
192 -160 1332.035278 0
192 -96 32616.015625 0
192 -48 65587.031250 0
192 0 9245.707031 0
192 16 84229.242188 0
192 32 90766.898438 0
192 48 6251.769531 0
192 64 46778.316406 0
192 80 91338.664063 0
192 320 38468.800781 0
192 480 57296.367188 0
208 -464 35047.609375 0
208 -368 37183.890625 0
208 -352 42116.191406 0
208 -288 87474.507813 0
208 -160 28987.474609 0
208 -32 61160.527344 0
208 -16 28208.361328 0
208 16 33797.253906 0
208 32 96682.515625 0
208 80 85752.914063 0
208 256 102579.281250 0
208 288 62049.597656 0
208 336 47350.085938 0
208 448 59498.625000 0
224 -480 37765.085938 0
224 -464 44321.589844 0
224 -368 41610.394531 0
224 -272 12714.025391 0
224 -256 72982.335938 0
224 -224 68970.523438 0
224 -80 57601.101563 0
224 -64 17834.822266 0
224 -16 73475.570313 0
224 64 83424.992188 0
224 80 79334.640625 0
224 128 102064.062500 0
224 208 9415.353516 0
224 288 39266.765625 0
224 304 93031.984375 0
224 336 40787.296875 0
224 448 37249.863281 0
240 -448 102098.617188 0
240 -400 91910.437500 0
240 -384 24001.767578 0
240 -368 47161.589844 0
240 -272 58675.527344 0
240 -176 80500.171875 0
240 -96 96208.132813 0
240 -80 20432.917969 0
240 16 75900.875000 0
240 64 37139.910156 0
240 160 86409.507813 0
240 208 88875.656250 0
240 224 3094.468750 0
240 256 1859.822876 0
240 288 93792.250000 0
240 368 96578.843750 0
240 448 89551.101563 0
256 -432 51833.136719 0
256 -288 68829.156250 0
256 -240 28381.148438 0
256 -208 11067.831055 0
256 -112 6122.963867 0
256 -48 82309.726563 0
256 -32 32311.281250 0
256 128 2249.380371 0
256 160 90311.367188 0
256 336 68379.906250 0
256 416 73060.875000 0
256 496 39816.546875 0
272 -496 28242.917969 0
272 -448 28013.582031 0
272 -432 12462.698242 0
272 -304 97094.062500 0
272 -256 16584.466797 0
272 -32 57176.984375 0
272 80 54827.074219 0
272 160 77116.671875 0
272 416 89547.953125 0
272 432 13200.972656 0
288 -496 48942.871094 0
288 -416 19289.378906 0
288 -384 48126.058594 0
288 -368 17319.599609 0
288 -304 13709.910156 0
288 -256 68357.914063 0
288 -144 89604.507813 0
288 -48 433.539795 0
288 16 85526.718750 0
288 416 25585.130859 0
288 464 37309.554688 0
304 -496 99403.132813 0
304 -464 70594.726563 0
304 -224 18994.068359 0
304 -112 61729.152344 0
304 0 30765.617188 0
304 64 10084.512695 0
304 96 45710.171875 0
304 112 43338.269531 0
304 224 27422.962891 0
304 272 52797.605469 0
304 304 33897.785156 0
304 336 59897.605469 0
304 368 29609.511719 0
304 432 89915.523438 0
304 448 84942.382813 0
304 480 46794.023438 0
304 496 17712.298828 0
320 -464 74974.109375 0
320 -448 96864.726563 0
320 -432 71100.523438 0
320 -416 56042.871094 0
320 -400 43407.386719 0
320 -32 61330.171875 0
320 0 47931.277344 0
320 112 41359.066406 0
320 160 25264.687500 0
320 192 39533.800781 0
320 304 27749.687500 0
320 464 82689.859375 0
320 480 99264.906250 0
320 496 42439.773438 0
336 -432 34554.378906 0
336 -416 12943.361328 0
336 -368 15431.502930 0
336 -320 65159.773438 0
336 -304 36338.800781 0
336 -240 15327.830078 0
336 -64 63233.976563 0
336 -16 36800.617188 0
336 64 73839.992188 0
336 96 57230.394531 0
336 176 2133.141357 0
336 320 78131.406250 0
336 416 13292.078125 0
336 432 62753.312500 0
352 -512 61066.277344 0
352 -496 48528.183594 0
352 -384 65942.031250 0
352 -256 98793.664063 0
352 -192 18202.388672 0
352 -144 67691.898438 0
352 -112 51723.179688 0
352 160 47196.144531 0
352 272 17241.060547 0
352 320 77905.210938 0
352 336 59212.738281 0
352 352 95017.468750 0
352 368 45433.714844 0
368 -512 50541.941406 0
368 -448 122.522110 0
368 -432 10068.804688 0
368 -416 91564.859375 0
368 -352 47186.722656 0
368 -288 64003.667969 0
368 -272 37928.449219 0
368 -240 26329.687500 0
368 -224 1639.911377 0
368 -176 49363.843750 0
368 -128 6867.521484 0
368 -112 64867.605469 0
368 -96 46344.773438 0
368 -48 20847.609375 0
368 -32 62577.382813 0
368 0 85027.203125 0
368 32 98947.601563 0
368 48 66008.000000 0
368 288 22927.343750 0
368 304 75272.562500 0
368 336 81263.578125 0
368 400 55841.808594 0
368 416 45163.535156 0
368 480 65869.773438 0
384 -496 11202.918945 0
384 -464 26505.617188 0
384 -448 39665.750000 0
384 -416 99478.531250 0
384 -96 6185.795898 0
384 0 69020.789063 0
384 128 46065.171875 0
384 256 57082.738281 0
384 288 2057.743164 0
400 -480 98699.414063 0
400 -416 4696.681152 0
400 -320 78015.171875 0
400 -224 99227.203125 0
400 -128 88275.609375 0
400 -96 17954.201172 0
400 -64 46347.917969 0
400 -32 78411.007813 0
400 0 24532.697266 0
400 32 100590.656250 0
400 224 96896.140625 0
400 304 17976.193359 0
400 352 25679.378906 0
400 384 83748.578125 0
400 400 80808.046875 0
400 416 19575.263672 0
400 480 67481.414063 0
416 -336 53978.843750 0
416 -256 28569.644531 0
416 -240 67116.984375 0
416 -176 32751.103516 0
416 -112 44708.003906 0
416 -80 14822.034180 0
416 0 11831.238281 0
416 16 18246.371094 0
416 272 39549.511719 0
416 320 12849.114258 0
416 336 92274.859375 0
416 496 86129.906250 0
432 -464 70729.820313 0
432 -272 77333.445313 0
432 -256 7483.273926 0
432 -80 15305.839844 0
432 -48 56630.347656 0
432 -32 32050.527344 0
432 160 89290.343750 0
432 240 68716.054688 0
432 304 102104.906250 0
432 352 34639.199219 0
432 384 100493.265625 0
432 448 25.132742 0
448 -464 24856.281250 0
448 -448 54201.898438 0
448 -416 38710.703125 0
448 -96 41403.050781 0
448 48 72168.664063 0
448 80 21397.386719 0
448 240 61964.773438 0
448 304 10822.787109 0
448 336 83528.664063 0
464 -432 31874.599609 0
464 -336 40146.414063 0
464 -304 2173.982178 0
464 -256 19355.351563 0
464 -208 55194.640625 0
464 -128 102010.656250 0
464 16 80475.039063 0
464 32 77958.625000 0
464 112 102045.210938 0
464 192 96547.421875 0
464 272 15808.494141 0
464 304 42216.722656 0
480 -464 69699.375000 0
480 -336 14344.511719 0
480 -224 33514.511719 0
480 -208 99208.351563 0
480 32 5375.265137 0
480 144 25814.466797 0
480 192 32273.582031 0
480 256 60535.347656 0
480 272 43448.226563 0
480 352 99356.007813 0
480 416 69064.773438 0
480 448 95303.351563 0
496 -448 89824.414063 0
496 -272 20615.130859 0
496 -160 68942.250000 0
496 -32 45361.457031 0
496 80 100593.796875 0
496 112 8771.327148 0
496 144 59781.367188 0
496 208 70368.531250 0
496 304 43595.882813 0
496 336 55562.207031 0
496 416 89309.195313 0
374 434 0.00000 1
70 354 2.00000 1
-25 208 3.00000 1
3 -361 5.00000 1
-493 -502 6.00000 1


