1
1
1
1
1
0
1
2
3
4
2.000000 0.000000 0.000000 0.000000 0.000000 2.000000 0.000000 0.000000 0.000000 0.000000 2.000000 0.000000 0.000000 0.000000 0.000000 1.000000
0.000000 0.000000 -1.000000 1.000000 0.000000 0.000000 0.000000 0.000000 0.000000 0.000000 0.000000 0.000000 0.000000
0.000000 1 4 5 0 0 1080033280 0 1081073664 128.000000 0
0.000000 0 0 0 0 0 1 1 2 0 0 257598844218988560384.000000 100 0
374.000000 434.000000 0.000633 1
70.000000 354.000000 0.000206 1
-25.000000 208.000000 0.000993 1
3.000000 -361.000000 0.000446 1
-493.000000 -502.000000 0.000571 1
