1
1
1
1
1
0
1
2
3
4
1.956062 0.000000 -0.416920 0.000000 0.000000 2.000000 0.000000 0.000000 0.416920 0.000000 1.956062 0.000000 0.000000 0.000000 0.000000 1.000000
0.208460 0.000000 -0.978031 0.978031 0.000000 0.208460 0.000000 0.000000 0.000000 0.000000 0.000000 0.000000 0.210000
0.000000 1 4 5 0 0 0 0 1074528256 0.000000 0
0.000000 0 0 0 0 0 1 1 2 0 0 257598844218988560384.000000 100 0
374.000000 434.000000 0.000285 1
70.000000 354.000000 0.001721 1
-25.000000 208.000000 0.001196 1
3.000000 -361.000000 0.001541 1
-493.000000 -502.000000 0.000387 1
